1 5 626 90 5 626 90 5 9 4 5 9 4 5 
1 5 626 90 5 626 90 5 9 4 5 9 4 5 
1 10 1252 180 10 1252 180 10 18 8 10 18 8 5 
1 10 1252 180 10 1252 180 10 18 8 10 18 8 5 
1 10 1252 180 10 1252 180 10 18 8 10 18 8 5 
1 10 1252 180 10 1252 180 10 18 8 10 18 8 5 
1 10 1252 180 10 1252 180 10 18 8 10 18 8 5 
1 10 1252 180 10 1252 180 10 18 8 10 18 8 5 
1 10 1252 180 10 1252 180 10 18 8 10 18 8 5 
1 10 1252 180 10 1252 180 10 18 8 10 18 8 5 
1 16 1282 280 16 1282 280 8 12 4 8 12 4 4 
1 16 1282 280 16 1282 280 8 12 4 8 12 4 4 
1 16 1282 280 16 1282 280 8 12 4 8 12 4 4 
1 16 1282 280 16 1282 280 8 12 4 8 12 4 4 
1 16 1282 280 16 1282 280 8 12 4 8 12 4 4 
1 16 1282 280 16 1282 280 8 12 4 8 12 4 4 
1 16 1282 280 16 1282 280 8 12 4 8 12 4 4 
1 16 1282 280 16 1282 280 8 12 4 8 12 4 4 
1 16 1282 280 16 1282 280 8 12 4 8 12 4 4 
1 16 1282 280 16 1282 280 8 12 4 8 12 4 4 
1 16 1282 280 16 1282 280 8 12 4 8 12 4 4 
1 16 1282 280 16 1282 280 8 12 4 8 12 4 4 
1 16 1282 280 16 1282 280 8 12 4 8 12 4 4 
