1 8 347 60 8 347 60 4 5 1 4 5 1 4 
1 8 347 60 8 347 60 4 5 1 4 5 1 4 
1 8 347 60 8 347 60 4 5 1 4 5 1 4 
1 16 694 120 16 694 120 8 10 2 8 10 2 4 
1 16 694 120 16 694 120 8 10 2 8 10 2 4 
1 16 694 120 16 694 120 8 10 2 8 10 2 4 
1 16 694 120 16 694 120 8 10 2 8 10 2 4 
1 16 694 120 16 694 120 8 10 2 8 10 2 4 
1 16 694 120 16 694 120 8 10 2 8 10 2 4 
1 16 694 120 16 694 120 8 10 2 8 10 2 4 
1 16 694 120 16 694 120 8 10 2 8 10 2 4 
1 16 694 120 16 694 120 8 10 2 8 10 2 4 
1 16 694 120 16 694 120 8 10 2 8 10 2 4 
1 16 694 120 16 694 120 8 10 2 8 10 2 4 
1 34 160 70 34 160 70 2 4 2 2 4 2 1 
1 34 160 70 34 160 70 2 4 2 2 4 2 1 
1 34 160 70 34 160 70 2 4 2 2 4 2 1 
1 34 160 70 34 160 70 2 4 2 2 4 2 1 
1 34 160 70 34 160 70 2 4 2 2 4 2 1 
1 34 160 70 34 160 70 2 4 2 2 4 2 1 
1 34 160 70 34 160 70 2 4 2 2 4 2 1 
1 34 160 70 34 160 70 2 4 2 2 4 2 1 
1 34 160 70 34 160 70 2 4 2 2 4 2 1 
1 34 160 70 34 160 70 2 4 2 2 4 2 1 
1 34 160 70 34 160 70 2 4 2 2 4 2 1 
1 34 160 70 34 160 70 2 4 2 2 4 2 1 
1 34 160 70 34 160 70 2 4 2 2 4 2 1 
1 34 160 70 34 160 70 2 4 2 2 4 2 1 
1 34 160 70 34 160 70 2 4 2 2 4 2 1 
1 34 160 70 34 160 70 2 4 2 2 4 2 1 
